253
260
267
274
282
288
296
302
310
316
324
331
337
345
352
358
366
373
379
386
393
400
407
415
422
429
435
443
449
457
464
471
478
484
492
499
520
536
544
551
558
573
580
593
600
614
621
629
635
682
695
717
726
740
761
770
776
782
789
795
805
811
816
823
830
846
853
860
864
872
879
886
890
896
903
910
917
923
930
943
951
959
967
976
985
993
1012
1030
1039
1047
1055
1062
1071
1079
1080
1088
1089
1097
1098
1106
1107
1120
1121
1129
1130
1138
1140
1147
1148
1156
1158
1165
1167
1174
1175
1183
1185
1191
1194
1200
1202
1210
1212
1219
1221
1228
1229
1237
1239
1253
1254
1262
1263
1270
1273
1280
1281
1289
1290
1298
1300
1307
1309
1315
1318
1325
1326
1334
1335
1343
1344
1351
1353
1361
1362
1365
1411
1413
1414
1421
1422
1424
1430
1432
1435
1440
1443
1444
1451
1453
1455
1461
1462
1465
1470
1472
1474
1481
1482
1485
1491
1492
1494
1501
1503
1505
1511
1512
1514
1520
1522
1525
1531
1533
1534
1541
1542
1545
1551
1553
1554
1560
1562
1564
1571
1573
1574
1580
1582
1584
1590
1593
1595
1600
1602
1604
1610
1612
1615
1620
1622
1624
1631
1632
1634
1641
1643
1645
1650
1652
1655
1660
1662
1664
1670
1672
1674
1680
1683
1684
1690
1692
1694
1700
1703
1705
1711
1712
1715
1721
1722
1725
1730
1732
1734
1740
1743
1745
1750
1752
1755
1761
1762
1764
1770
1772
1775
1780
1782
1784
1791
1793
1795
1801
1802
1804
1811
1813
1814
1821
1822
1825
1830
1832
1835
1841
1842
1844
1850
1853
1855
1861
1862
1865
1870
1872
1875
1881
1882
1884
1892
1902
1911
1912
1914
1920
1922
1924
1930
1932
1935
1941
1942
1945
1951
1952
1955
1961
1962
1964
1966
1971
1973
1976
1978
1982
1985
1986
1989
1994
1995
1997
1999
2004
2007
2009
2011
2016
2017
2020
2022
2027
2029
2031
2032
2042
2044
2046
2051
2053
2055
2057
2062
2065
2067
2068
2073
2076
2078
2080
2085
2086
2089
2091
2096
2098
2099
2102
2114
2116
2119
2125
2127
2129
2131
2141
2143
2145
2147
2154
2166
2174
2177
2179
2183
2191
2193
2195
2197
2202
2204
2206
2208
2212
2215
2217
2219
2224
2226
2228
2229
2238
2249
2259
2270
2282
2288
2299
2310
2320
2322
2324
2326
2341
2344
2346
2348
2357
2360
2362
2363
2373
2375
2376
2379
2383
2386
2388
2389
2398
2400
2403
2415
2418
2420
2432
2435
2437
2441
2444
2447
2452
2455
2457
2462
2465
2466
2479
2482
2484
2489
2491
2494
2498
2502
2504
2509
2512
2514
2526
2529
2531
2536
2538
2545
2548
2560
2563
2565
2570
2573
2575
2579
2582
2585
2589
2593
2595
2600
2603
2605
2610
2613
2614
2620
2623
2624
2629
2633
2635
2640
2642
2645
2649
2652
2654
2659
2663
2665
2670
2673
2675
2680
2683
2684
2689
2693
2695
2700
2703
2705
2709
2713
2715
2722
2725
2730
2733
2735
2739
2742
2744
2746
2751
2752
2755
2761
2763
2764
2766
2771
2773
2777
2781
2783
2785
2787
2792
2795
2797
2799
2803
2806
2808
2809
2815
2816
2819
2821
2826
2828
2830
2832
2836
2838
2842
2846
2848
2850
2853
2858
2860
2862
2864
2868
2870
2872
2875
2879
2881
2883
2886
2891
2892
2895
2897
2902
2903
2905
2908
2911
2913
2916
2918
2920
2923
2926
2927
2930
2935
2936
2939
2941
2943
2947
2949
2951
2953
2954
2959
2961
2963
2964
2966
2971
2973
2975
2977
2978
2983
2985
2986
2989
2991
2994
2997
2999
3001
3003
3006
3008
3011
3013
3015
3018
3021
3023
3025
3027
3031
3033
3035
3037
3039
3042
3045
3047
3048
3051
3054
3057
3058
3061
3063
3066
3069
3070
3072
3074
3078
3080
3083
3084
3086
3090
3093
3094
3097
3098
3103
3104
3106
3108
3117
3119
3121
3126
3127
3129
3131
3134
3138
3140
3142
3144
3146
3149
3151
3153
3156
3158
3162
3163
3165
3168
3170
3173
3176
3178
3180
3182
3186
3188
3189
3192
3194
3198
3199
3202
3204
3206
3209
3211
3213
3216
3218
3222
3224
3226
3228
3236
3238
3240
3242
3244
3248
3249
3252
3254
3256
3266
3269
3270
3273
3274
3278
3281
3283
3285
3286
3291
3293
3294
3297
3298
3303
3305
3307
3309
3313
3316
3318
3320
3321
3326
3328
3330
3331
3334
3338
3339
3342
3344
3346
3349
3352
3353
3356
3358
3361
3364
3366
3368
3370
3374
3376
3378
3380
3382
3385
3388
3390
3392
3394
3398
